00000100000010010000001111101000
00000100000010000000000000000001
00000000000000000101000000000000
00000100000101000000000001001100
00000000000000000011100000000000
00000000000000001010100000000000
00100000111101000000000000001000
00001100111000010000001111101000
00000001010000010001000000000011
00100000010010000000000000000001
00010100000000000000000000001101
00000000000000010101000000000000
00000000000001111010100000000000
00000000111010000011100000000000
00010100000000000000000000000110
00000000000000000000000000000000
00010000000010100000011111010000
00000000000000000000000000000000
00010000000101010000011111010100
00000000000000000000000000000000